DINNING_ROOM: [0.486810, -1.269837, 0.283156]
KITCHEN: [2.003861, 0.707235, 2.027972]
BATHROOM: [0.505282, 3.914772, 2.623172]
BEDROOM: [-1.606719, 2.441668, 2.376061]
LIVING_ROOM: [-2.017906, -1.272939, -2.773945]
HALL_WAY: [1.077807, 2.509328, -3.031878]
DOOR: [1.955102, 5.415616, -1.690367]
