bed: [-7.964386, -15.986437, 0.650254]
nightstand: [-8.928779, -14.725712, 0.704318]
wardrobe: [-6.487817, -16.470913, 0.111984]
bookshelf: [-5.096615, -17.146077, 0.757312]
living_room_table: [-4.254885, -16.455669, 0.541995]
sofa: [-2.830007, -15.140120, 0.514559]
coffee_table: [-2.917006, -16.639961, 0.538040]
sideboard: [-1.438118, -17.345838, 0.542938]
dining_table: [-1.524472, -12.231823, 0.824037]
kitchen_table: [-3.230808, -12.289381, 0.820185]
kitchen_counter: [-5.080976, -12.059848, 0.981620]