image: map_colored.pgm
resolution: 0.050000
origin: [-16.200000, -17.800000, 0.000000]
zones: {corridor: 54, bedroom: 12, kitchen: 96, dining_room: 150, living_room: 215}
negate: 0
occupied_thresh: 0.65
free_thresh: 0.196
