LIVING_ROOM: [-4.463334, -16.045772, -0.158002]
SOFA: [-4.588677, -16.223308, 0.603106]
BEDROOM: [-6.363801, -15.167635, -2.613795]
BATHROOM: [-6.102936, -13.723022, -2.842757]
CORRIDOR: [-6.124564, -12.038472, 1.478612]
OPERATOR: [-3.364982, -13.690132, -0.025790]
HALLWAY_ENTRANCE: [-6.017350, -11.741045, -3.130818]
BEDROOM_ENTRANCE: [-4.927802, -15.011968, 3.038234]
NIGHTSTAND_FAR: [-7.236385, -14.718586, -3.139409]
NIGHTSTAND_CLOSER: [-8.259103, -14.662619, 3.109242]
RIGHT_BED: [-6.373124, -14.808168, -2.486551]
LEFT_BED: [-6.237272, -15.506754, -2.783071]
WARDROBE: [-6.545783, -14.880180, -1.537928]
BOOKSHELF_FAR: [-5.123611, -15.215639, -1.602378]
BOOKSHELF_CLOSE: [-5.105557, -15.883373, -1.590248]
RIGHT_LIVING_ROOM_TABLE: [-5.086699, -15.904982, -0.613932]
LEFT_LIVING_ROOM_TABLE: [-3.930633, -15.687483, -1.818398]
RIGHT_COFFEE_TABLE: [-3.564173, -15.867736, -0.887507]
LEFT_SOFA: [-4.053174, -15.939678, 0.757677]
SOFA_CENTER: [-2.756784, -15.994196, 1.549779]
RIGHT_SOFA: [-1.593905, -16.026536, 2.376810]
LEFT_COFFEE_TABLE: [-1.616292, -15.983125, -2.556457]
RIGHT_SIDEBOARD: [-1.631654, -15.987599, -1.470856]
LEFT_SIDEBOARD: [-0.958146, -16.578628, -1.974574]
RIGHT_DINING_TABLE: [-0.678331, -13.603950, 2.058136]
LEFT_DINING_TABLE: [-2.246642, -13.139217, 0.881047]
RIGHT_KITCHEN_TABLE: [-2.274977, -13.152744, 2.478020]
LEFT_KITCHEN_TABLE: [-4.210569, -13.283211, 0.948527]
KITCHEN: [-3.155712, -13.603447, 1.662890]
DINING_ROOM: [-1.308328, -13.741319, 1.599037]
LEFT_KITCHEN_COUNTER: [-4.315141, -13.386706, 2.391663]
RIGHT_KITCHEN_COUNTER: [-4.340354, -12.582775, 1.575169]
