LEFT_KITCHEN_TABLE: [2.710917, -1.634352, 0.864054]
RIGHT_KITCHEN_TABLE: [2.720076, -1.662886, 0.865831]
LEFT_DINING_TABLE: [1.084022, -1.746184, 0.853111]
RIGHT_DINING_TABLE: [1.120801, -1.701598, 0.901273]
RIGHT_KITCHEN_COUNTER: [2.167310, 0.816265, 0.874300]
LEFT_KITCHEN_COUNTER: [2.190690, 0.813313, 0.889109]
SIDE_TABLE: [-3.153966, 3.022284, 0.65]
