ENTRANCE_DOOR: [2.320829, 1.706302, -0.010417]
ENTRANCE_HALL: [2.320829, 1.706302, 3.150417]
KITCHEN: [1.075529, 0.009398, -1.544055]
KITCHEN_COUNTER: [2.099396, -0.189800, 1.654887]
DINING_ROOM: [2.668833, -0.377111, -1.513671]
OPERATOR: [0.010841, 0.014402, 0.780598]
WAIT_PLUMBER_KITCHEN: [0.010841, 0.014402, 0.780598]
TBM4_W3: [0.010841, 0.014402, 0.780598]
LIVING_ROOM: [-2.072914, -0.056126, -1.505975]
WAIT_KIMBLE: [-2.481509, 0.879514, 0.053996]
BEDROOM: [-1.243262, 2.678351, 2.015485]
TBM4_W1: [-1.448161, 4.501672, 0.029305]
GRANNY_BED: [-1.448161, 4.501672, -3.5]
BATHROOM_ENTRANCE: [1.016438, 3.824951, 0.053594]
BATHROOM: [3.0882444, 3.689054, -2.45920082]
TBM4_W2: [3.143969, 3.556337, 1.829213]
WAIT_PLUMBER_BATHROOM: [0.992138, 4.656395, -1.546380]
LEFT_KITCHEN_TABLE: [1.803655, -1.206547, -0.138836]
RIGHT_KITCHEN_TABLE: [2.021110, -2.297519, 0.474255]
LEFT_DINING_TABLE: [2.017450, -2.271391, 2.278567]
RIGHT_DINING_TABLE: [1.781081, -0.790170, -2.531592]
RIGHT_KITCHEN_COUNTER: [2.852998, -0.054827, 2.023827]
LEFT_KITCHEN_COUNTER: [2.083159, -0.042556, 1.563679]
LEFT_SIDE_TABLE: [-2.695255, 2.236443, 2.140303]
RIGHT_SIDE_TABLE: [-2.419899, 2.820302, 2.968876]
